0
0
0
0
0
0
0
0
0
0
0
0
0
0
0
0
0
1
0
1
0
1
0
1
0
1
0
1
0
1
0
1
0
0
2
2
0
0
2
2
0
0
2
2
0
0
2
2
0
1
2
3
0
1
2
3
0
1
2
3
0
1
2
3
0
0
0
0
4
4
4
4
0
0
0
0
4
4
4
4
0
1
0
1
4
5
4
5
0
1
0
1
4
5
4
5
0
0
2
2
4
4
6
6
0
0
2
2
4
4
6
6
0
1
2
3
4
5
6
7
0
1
2
3
4
5
6
7
0
0
0
0
0
0
0
0
8
8
8
8
8
8
8
8
0
1
0
1
0
1
0
1
8
9
8
9
8
9
8
9
0
0
2
2
0
0
2
2
8
8
a
a
8
8
a
a
0
1
2
3
0
1
2
3
8
9
a
b
8
9
a
b
0
0
0
0
4
4
4
4
8
8
8
8
c
c
c
c
0
1
0
1
4
5
4
5
8
9
8
9
c
d
c
d
0
0
2
2
4
4
6
6
8
8
a
a
c
c
e
e
0
1
2
3
4
5
6
7
8
9
a
b
c
d
e
f
